# unix_time, cycles_done, cur_path, paths_total, pending_total, pending_favs, map_size, unique_crashes, unique_hangs, max_depth, execs_per_sec
1575840765, 0, 0, 1, 1, 1, 0.36%, 0, 0, 1, 89.89
1575840771, 0, 0, 47, 47, 1, 0.44%, 0, 0, 2, 793.68
1575840776, 0, 0, 52, 52, 1, 0.45%, 0, 0, 2, 812.33
1575840781, 0, 0, 55, 55, 1, 0.45%, 0, 0, 2, 755.40
1575840786, 0, 0, 58, 58, 1, 0.45%, 0, 0, 2, 696.39
1575840791, 0, 0, 60, 60, 1, 0.45%, 0, 0, 2, 655.24
1575840796, 0, 0, 62, 62, 1, 0.45%, 0, 0, 2, 700.38
1575840801, 0, 0, 63, 63, 1, 0.45%, 0, 0, 2, 744.30
1575840816, 0, 5, 65, 63, 12, 0.45%, 0, 0, 3, 776.01
1575840821, 0, 10, 65, 62, 11, 0.45%, 0, 0, 3, 677.64
